  -9999
   1
 1.000
  -9999
   2
 1.000
  -9999
   3
 1.000
  -9999
   4
 1.000
  -9999
   5
 1.000
  -9999
   6
 1.000
  -9999
   7
 1.000
  -9999
   8
 1.000
  -9999
   9
 1.000
  -9999
   10
 1.000
  -9999
   11
 1.000
  -9999
   12
 1.000
  -9999
   13
 1.000
  -9999
   14
 1.000
  -9999
   15
 1.000
  -9999
   16
 1.000
  -9999
   17
 1.000
  -9999
   18
 1.000
  -9999
   19
 1.000
  -9999
   20
 1.000
  -9999
   21
 1.000
  -9999
   22
 1.000
  -9999
   23
 1.000
  -9999
   24
 1.000
  -9999
   25
 1.000
  -9999
   26
 1.000
  -9999
   27
 1.000
  -9999
   28
 1.000
  -9999
   29
 1.000
  -9999
   30
 1.000
  -9999
   31
 1.000
  -9999
   32
 1.000
  -9999
   33
 1.000
  -9999
   34
 1.000
  -9999
   35
 1.000
  -9999
   36
 1.000
  -9999
   37
 1.000
  -9999
   38
 1.000
  -9999
   39
 1.000
  -9999
   40
 1.000
  -9999
   41
 1.000
  -9999
   42
 1.000
  -9999
   43
 1.000
  -9999
   44
 1.000
  -9999
   45
 1.000
  -9999
   46
 1.000
  -9999
   47
 1.000
  -9999
   48
 1.000
  -9999
   49
 1.000
  -9999
   50
 1.000
  -9999
   51
 1.000
  -9999
   52
 1.000
  -9999
   53
 1.000
  -9999
   54
 1.000
  -9999
   55
 1.000
  -9999
   56
 1.000
  -9999
   57
 1.000
  -9999
   58
 1.000
  -9999
   59
 1.000
  -9999
   60
 1.000
  -9999
   61
 1.000
  -9999
   62
 1.000
  -9999
   63
 1.000
  -9999
   64
 1.000
  -9999
   65
 1.000
  -9999
   66
 1.000
  -9999
   67
 1.000
  -9999
   68
 1.000
  -9999
   69
 1.000
  -9999
   70
 1.000
  -9999
   71
 1.000
  -9999
   72
 1.000
  -9999
   73
 1.000
  -9999
   74
 1.000
  -9999
   75
 1.000
  -9999
   76
 1.000
  -9999
   77
 1.000
  -9999
   78
 1.000
  -9999
   79
 1.000
  -9999
   80
 1.000
  -9999
   81
 1.000
  -9999
   82
 1.000
  -9999
   83
 1.000
  -9999
   84
 1.000
  -9999
   85
 1.000
  -9999
   86
 1.000
  -9999
   87
 1.000
  -9999
   88
 1.000
  -9999
   89
 1.000
  -9999
   90
 1.000
  -9999
   91
 1.000
  -9999
   92
 1.000
  -9999
   93
 1.000
  -9999
   94
 1.000
  -9999
   95
 1.000
  -9999
   96
 1.000
  -9999
   97
 1.000
  -9999
   98
 1.000
  -9999
   99
 1.000
  -9999
   100
 1.000
