0
38400
76800
115200
153600
192000
230400
268800
307200
345600
384000
422400
460800
499200
537600
576000
614400
652800
691200
729600
768000
806400
844800
883200
921600
960000
998400
1036800
1075200
1113600
1152000
1190400
1228800
1267200
1305600
1344000
1382400
1420800
1459200
1497600
1536000
1574400
1612800
1651200
1689600
1728000
1766400
1804800
1843200
1881600
1920000
1958400
1996800
2035200
2073600
2112000
2150400
2188800
2227200
2265600
2304000
2342400
2380800
2419200
2457600
2496000
2534400
2572800
2611200
2649600
2688000
2726400
2764800
2803200
2841600
2880000
2918400
2956800
2995200
3033600
3072000
3110400
3148800
3187200
3225600
3264000
3302400
3340800
3379200
3417600
3456000
3494400
3532800
3571200
3609600
3648000
3686400
3724800
3763200
3801600
3840000
3878400
3916800
3955200
3993600
4032000
4070400
4108800
4147200
4185600
4224000
4262400
4300800
4339200
4377600
4416000
4454400
4492800
4531200
4569600
4608000
4646400
4684800
4723200
4761600
4800000
4838400
4876800
4915200
4953600
4992000
5030400
5068800
5107200
5145600
5184000
5222400
5260800
5299200
